UP = [1839  31318 	17067 	4490 	1839 	37060 	19954 	5625 	1839 	34854 	20068 	5542 	1839 	30393 	17632 	4532 	1874	33646	17036	5556	1874	41373	21257	7272	1874	38051	20428	6494	1874	33845	18339	5390	1909	40094	18855	6534	1909	48614	22242	8739	1909	43206	20137	7500	1909	40026	17304	6556	1944	44506	17783	7949	1944	48776	20981	9570	1944	44749	20385	8903	1944	38470	18648	7183	1973	42395	17722	8004	1973	49355	21738	10016	1973	44461	18839	8436	1973	39259	14797.5	6412.25	2008	46187	32630	14558	2008	52928	37650	17570	2008	48738	35140	17570	1996	42593	13972	6487];
statedata = [];
statedata = [statedata;[4 79 	75 	62 	4 	0  76 	65 	4 	98 	72 	43 	4 	104 	76 	65 	4	74	65	44	4	79	69	45	4	91	49	48	4	75	65	51	4	79	38	40	4	83	48	41	4	114	49	43	4	97	86	43	4	115	56	45	4	125	40	62	4	76	44	49	4	99	50	47	5	93	49	58	5	88	34	47	5	108	50	55	5	107	65	61.25	5	89	60	71.25	5	95	71.25	55	5	82	63.75	56.25	4	101	69	67]];
statedata = [statedata;[804 	15425 	9578 	2422 	804 	16650 	8463 	2357 	804 	17006 	8386 	2192 	804 	17843 	8564 	2423 	813	17572	8630	2725	813	18947	7678	2879	813	18448	7740	2829	813	18283	8515	2573	822	18362	8593	2979	822	19614	7811	3092	822	18520	7798	3054	822	18597	7926	2878	830	19034	7747	3245	830	20750	7454	3381	830	19370	7157	3070	830	18226	7183	2961	840	19548	7396	3252	840	20263	6929	3297	840	19927	7147	3278	840	18347	7140	3150	847	20045	12705	6776	847	19791	12705	6352.5	847	19231	12493.25	6140.75	847	18665	6140.75	3388]];
statedata = [statedata;[12 	359 	159 	55 	12 	370 	224 	81 	12 	361 	192 	77 	12 	262 	190 	83 	12	307	187	81	12	363	214	107	12	311	171	104	12	289	160	89	12	260	156	86	12	330	150	105	12	295	164	107	12	264	139	102	12	273	141	93	12	330	160	99	12	321	169	117	12	256	159	85	12	262	139	68	12	323	168	147	12	278	165	130	12	230	114	90	12	313	186	111	12	431	246	114	13	351	198.25	113.75	14	314	112	87.5]];
statedata = [statedata;[290 	3926 	2169 	599 	290 	4963 	2555 	818 	290 	5360 	2751 	790 	290 	4325 	2370 	707 	295	4904	2388	744	295	6031	2991	1113	295	5472	2717	973	295	4922	2440	956	299	5017	2564	1066	299	6387	3045	1328	299	5747	2802	1222	299	4749	2581	1054	304	5107	2651	1194	304	6576	3096	1501	304	6046	2828	1218	304	5246	2576	1160	302	5641	2703	1206	302	6470	2792	1601	302	6130	2714	1447	302	4884	2416	1208	306	5050	3519	2218.5	306	6277	4437	2754	314	6079	4396	2512	312	4898	2262	1092]];
statedata = [statedata;[903 	5206 	5180 	455 	908 	7359 	6216 	633 	908 	8305 	7804 	1017 	908 	8419 	7161 	915 	923	9810	6953	981	923	12421	7758	1345	923	10525	7294	1415	923	9393	6029	1281	938	10524	6816	1359	938	12333	7929	1736	938	11366	7348	1549	938	10369	6321	1259	953	9769	5326	1169	953	12724	7390	1626	953	12388	7383	1625	953	11374	6753	1313	964	11618	6164	1166	964	13175	7204	1468	964	10618	6076	1344	964	9936	5302	1205	977	11950	8548.75	5373.5	977	12222	9037.25	6106.25	977	11655	8548.75	5617.75	1038	10555	4930.5	1038]];
statedata = [statedata;[10 	386 	101 	150 	10 	486 	124 	210 	10 	444 	113 	164 	10 	346 	103 	151 	10	384	92	153	10	481	153	224	10	447	129	206	10	337	115	138	11	439	98	164	11	549	143	278	11	460	116	180	11	367	84	142	11	480	97	169	11	494	118	244	11	553	105	226	11	378	102	149	14	547	106	198	14	616	130	257	14	636	95	235	14	473	52.5	171.5	14	556	224	45.5	14	629	213.5	63	14	630	231	70	11	536	68.75	167.75]];
statedata = [statedata;[229 	3206 	2779 	716 	229 	3609 	2836 	710 	229 	3375 	3134 	691 	229 	3083 	2871 	770 	233	3385	2869	687	233	3514	2718	739	233	3035	2733	757	233	3071	2772	798	236	3277	2748	757	236	3546	2810	796	236	3019	2694	873	236	2858	2573	799	240	3199	2826	827	240	3516	2653	900	240	3239	2535	903	240	3022	2563	889	239	3476	2547	875	239	3663	2864	973	239	3240	2749	1049	239	2942	2390	836.5	243	3275	2612.25	2612.25	243	3468	2733.75	2490.75	243	3270	2612.25	2430	255	3050	2422.5	828.75]];
statedata = [statedata;[2 	55 	21 	17 	2 	46 	30 	14 	2 	47 	21 	20 	2 	39 	22 	21 	3	38	20	20	3	50	23	21	3	60	13	12	3	52	26	15	3	68	30	21	3	68	19	21	3	79	21	20	3	85	31	29	3	74	20	16	3	58	26	18	3	69	15	25	3	63	29	17	3	69	23	13	3	74	30	23	3	77	20	11	3	71	18.75	15.75	4	65	44	18	4	87	49	19	4	76	52	25	3	70	21.75	16.5]];
statedata = [statedata;[1.8 	48 	15 	5 	2 	42 	18 	13 	2 	59 	23 	10 	2 	49 	14 	12 	2	63	28	3	1.8	73	23	9	2	64	20	10	2	50	24	5	2	41	16	6	2	53	9	11	2	34	25	7	2	44	18	7	2	38	26	9	2	49	31	15	2	54	21	4	2	32	14	10	3	54	19	19	3	66	13	18	3	60	13	11	3	59	30	10.5	3	43	23.25	23.25	3	56	25.5	30	3	69	29.25	30	2	48	28	7.5]];
statedata = [statedata;[161 	6609 	2483 	3679 	161 	6937 	2457 	4000 	161 	6507 	2485 	3378 	161 	5374 	2020 	2654 	166	5946	2220	3743	166	7155	2650	5201	166	6123	2379	3650	166	5016	1798	2774	171	6037	2171	3819	171	7261	2391	5156	171	6372	2074	4029	171	5190	1538	2849	176	6660	2156	4096	176	7045	2513	5038	176	6230	2213	3937	176	5059	1934	3018	179	6416	2267	4165	179	6836	2695	5552	179	5766	2018	3972	179	4875	1611	2864	185	6366	3607.5	2312.5	195	6388	3851.25	2681.25	195	6220	3510	2193.75	168	5091	1806	2940]];
statedata = [statedata;[15 	243 	137 	92 	15 	297 	145 	84 	15 	292 	120 	129 	15 	259 	150 	161 	16	278	169	116	16	294	138	130	16	294	119	112	16	295	148	152	16	291	140	122	16	271	92	133	16	272	105	117	16	242	112	153	17	293	112	130	17	282	93	148	17	337	85	129	17	308	77	137	17	297	109	151	17	291	72	152	17	359	106	127	17	321	119	127.5	18	326	193.5	99	18	323	171	67.5	18	326	189	72	15	323	56.25	135]];
statedata = [statedata;[548 	14355 	3471 	2490 	548 	16121 	3183 	2494 	548 	15083 	3017 	2111 	548 	14672 	3075 	2141 	556	14973	3045	2701	556	17411	2980	2884	556	14577	2904	2442	556	13946	2770	2353	564	14948	2578	2667	564	17599	2634	2710	564	15001	2676	2467	564	14097	2637	2258	572	15448	2798	2684	572	16488	2922	2973	572	15042	2657	2752	572	13600	2454	2553	582	15204	2329	2763	582	16263	2279	2797	582	15497	2069	2382	582	14167	1891.5	2182.5	590	14735	8702.5	1917.5	590	16103	8997.5	1917.5	590	14930	8850	2065	604	13816	2114	2114]];
statedata = [statedata;[230 	5352 	1817 	1122 	230 	6821 	2074 	1405 	230 	6037 	1928 	1334 	230 	4683 	1549 	1085 	234	5503	1681	1274	234	7060	2309	1679	234	5992	1993	1440	234	4568	1624	1136	238	5668	1599	1368	238	6943	1991	1747	238	5724	1781	1519	238	4836	1589	1081	241	6034	1683	1528	241	7318	2173	1925	241	6361	2031	1750	241	5152	1812	1331	250	5875	1710	1511	250	7132	2182	1929	250	6124	1717	1723	250	4731	1437.5	1312.5	254	5938	3111.5	1524	254	7582	4127.5	1968.5	254	6507	3683	1778	254	5134	1460.5	1397]];
statedata = [statedata;[64 	2149 	568 	654 	64 	2402 	685 	821 	64 	2078 	640 	729 	64 	1725 	521 	574 	65	1951	634	705	65	2513	815	973	65	2046	665	731	65	1608	507	539	66	2090	719	666	66	2403	723	918	66	2038	649	691	66	1728	450	646	66	2090	560	781	66	2458	687	1039	66	1995	611	817	66	1632	516	586	67	2244	640	820	67	2422	678	1030	67	2054	640	856	67	1565	485.75	653.25	68	1978	1224	544	68	2373	1479	646	68	1917	1173	578	69	1480	465.75	655.5]];
statedata = [statedata;[116 	1011 	650 	651 	116 	1466 	723 	766 	116 	1334 	694 	575 	116 	1418 	550 	582 	120	1587	627	694	120	1853	830	1010	120	1825	592	764	120	1410	489	558	124	1853	569	757	124	2169	651	900	124	1653	417	592	124	1760	467	613	128	1974	543	778	128	2265	656	914	128	1938	513	741	128	1865	456	542	116	2428	533	754	116	2370	570	853	116	1812	419	717	116	2063	377	551	117	2231	1696.5	409.5	117	2604	1959.75	555.75	117	2238	1667.25	438.75	125	1944	343.75	531.25]];
statedata = [statedata;[292 	3659 	3114 	426 	292 	4737 	2986 	537 	292 	5295 	3213 	545 	292 	4598 	2952 	480 	296	4811	2522	553	296	5746	3324	726	296	5134	3209	696	296	4783	2719	635	300	5011	2775	628	300	5669	3536	804	300	5450	3489	788	300	4980	2919	643	304	5082	2984	756	304	6010	3338	921	304	5774	3735	917	304	4792	3041	631	310	5485	2976	663	310	6403	3501	795	310	5917	3290	815	310	4955	2557.5	542.5	315	5729	4410	2520	315	6330	5040	2992.5	315	5912	4646.25	2913.75	330	5080	2557.5	577.5]];
